Nome,Idade,Cidade
João,20,São Paulo
